52 0
53 0
54 0
55 0
56 0
57 0
51 1
52 1
53 1
54 1
55 1
56 1
57 1
58 1
51 2
52 2
53 2
54 2
55 2
56 2
57 2
58 2
51 3
52 3
53 3
54 3
55 3
56 3
57 3
58 3
68 3
69 3
70 3
71 3
73 3
74 3
75 3
76 3
77 3
78 3
51 4
52 4
53 4
54 4
55 4
56 4
57 4
58 4
67 4
68 4
69 4
70 4
71 4
72 4
73 4
74 4
75 4
76 4
77 4
78 4
79 4
51 5
52 5
53 5
54 5
55 5
56 5
57 5
58 5
67 5
68 5
69 5
70 5
71 5
72 5
73 5
74 5
75 5
76 5
77 5
78 5
79 5
80 5
81 5
82 5
83 5
84 5
85 5
86 5
87 5
88 5
89 5
90 5
91 5
92 5
51 6
52 6
53 6
54 6
55 6
56 6
57 6
58 6
67 6
68 6
69 6
70 6
71 6
72 6
73 6
74 6
75 6
76 6
77 6
78 6
79 6
80 6
81 6
82 6
83 6
84 6
85 6
86 6
87 6
88 6
89 6
90 6
91 6
92 6
93 6
51 7
52 7
53 7
54 7
55 7
56 7
57 7
58 7
67 7
68 7
69 7
70 7
71 7
72 7
73 7
74 7
75 7
76 7
77 7
78 7
79 7
80 7
81 7
82 7
83 7
84 7
85 7
86 7
87 7
88 7
89 7
90 7
91 7
92 7
93 7
51 8
52 8
53 8
54 8
55 8
56 8
57 8
58 8
67 8
68 8
69 8
70 8
71 8
72 8
73 8
74 8
75 8
76 8
77 8
78 8
79 8
91 8
92 8
93 8
50 9
51 9
52 9
53 9
54 9
55 9
56 9
57 9
58 9
67 9
68 9
69 9
70 9
71 9
72 9
73 9
74 9
75 9
76 9
77 9
78 9
79 9
91 9
92 9
93 9
50 10
51 10
52 10
53 10
54 10
55 10
56 10
57 10
58 10
67 10
68 10
69 10
70 10
71 10
72 10
73 10
74 10
75 10
76 10
77 10
78 10
79 10
91 10
92 10
93 10
50 11
51 11
52 11
53 11
54 11
55 11
56 11
57 11
67 11
68 11
69 11
70 11
71 11
72 11
73 11
74 11
75 11
76 11
77 11
78 11
79 11
91 11
92 11
93 11
50 12
51 12
52 12
54 12
55 12
56 12
67 12
68 12
69 12
70 12
71 12
72 12
73 12
74 12
75 12
76 12
77 12
78 12
79 12
91 12
92 12
93 12
50 13
51 13
52 13
54 13
55 13
56 13
57 13
58 13
59 13
60 13
61 13
62 13
63 13
64 13
65 13
66 13
68 13
69 13
70 13
71 13
72 13
73 13
74 13
75 13
76 13
77 13
78 13
91 13
92 13
93 13
50 14
51 14
52 14
54 14
55 14
56 14
57 14
58 14
59 14
60 14
61 14
62 14
63 14
64 14
65 14
66 14
67 14
68 14
69 14
70 14
71 14
72 14
73 14
74 14
75 14
76 14
77 14
78 14
91 14
92 14
93 14
50 15
51 15
52 15
54 15
55 15
56 15
57 15
58 15
59 15
60 15
61 15
62 15
63 15
64 15
65 15
66 15
67 15
68 15
69 15
70 15
71 15
72 15
73 15
74 15
75 15
76 15
77 15
78 15
91 15
92 15
93 15
50 16
51 16
52 16
54 16
55 16
56 16
57 16
58 16
59 16
60 16
61 16
62 16
63 16
64 16
65 16
66 16
67 16
68 16
69 16
70 16
71 16
72 16
73 16
74 16
75 16
76 16
77 16
78 16
91 16
92 16
93 16
50 17
51 17
52 17
54 17
55 17
56 17
57 17
58 17
59 17
60 17
61 17
62 17
63 17
64 17
65 17
66 17
67 17
68 17
69 17
70 17
71 17
72 17
73 17
74 17
75 17
76 17
77 17
78 17
79 17
80 17
81 17
82 17
83 17
84 17
85 17
86 17
87 17
88 17
89 17
90 17
91 17
92 17
93 17
50 18
51 18
52 18
54 18
55 18
56 18
57 18
58 18
59 18
60 18
61 18
62 18
63 18
64 18
65 18
66 18
67 18
68 18
69 18
70 18
71 18
72 18
73 18
74 18
75 18
76 18
77 18
78 18
79 18
80 18
81 18
82 18
83 18
84 18
85 18
86 18
87 18
88 18
89 18
90 18
91 18
92 18
93 18
50 19
51 19
52 19
54 19
55 19
56 19
57 19
58 19
60 19
61 19
62 19
63 19
64 19
65 19
66 19
67 19
68 19
69 19
70 19
71 19
72 19
73 19
74 19
75 19
76 19
77 19
78 19
79 19
80 19
81 19
82 19
83 19
84 19
85 19
86 19
87 19
88 19
89 19
90 19
91 19
92 19
50 20
51 20
52 20
54 20
55 20
56 20
57 20
58 20
63 20
64 20
65 20
66 20
67 20
68 20
69 20
70 20
71 20
72 20
73 20
74 20
75 20
76 20
50 21
51 21
52 21
54 21
55 21
56 21
57 21
58 21
64 21
65 21
66 21
67 21
68 21
69 21
70 21
71 21
72 21
73 21
74 21
75 21
76 21
50 22
51 22
52 22
54 22
55 22
56 22
57 22
58 22
65 22
66 22
67 22
68 22
69 22
70 22
75 22
47 23
48 23
49 23
50 23
51 23
52 23
53 23
54 23
55 23
56 23
57 23
58 23
66 23
69 23
46 24
47 24
48 24
49 24
50 24
51 24
52 24
53 24
54 24
55 24
56 24
57 24
58 24
47 25
48 25
49 25
50 25
51 25
52 25
53 25
54 25
55 25
56 25
57 25
50 26
51 26
52 26
54 26
55 26
56 26
46 27
47 27
48 27
49 27
50 27
51 27
52 27
53 27
54 27
55 27
56 27
57 27
58 27
59 27
45 28
46 28
47 28
48 28
49 28
50 28
51 28
52 28
53 28
54 28
55 28
56 28
57 28
58 28
59 28
60 28
46 29
47 29
48 29
49 29
50 29
51 29
52 29
53 29
54 29
55 29
56 29
57 29
58 29
59 29
61 29
47 30
48 30
49 30
50 30
51 30
52 30
53 30
54 30
55 30
56 30
57 30
58 30
59 30
60 30
61 30
62 30
46 31
47 31
48 31
49 31
50 31
51 31
52 31
53 31
54 31
55 31
56 31
57 31
58 31
59 31
60 31
61 31
62 31
63 31
47 32
48 32
49 32
50 32
51 32
52 32
53 32
54 32
55 32
56 32
57 32
58 32
59 32
60 32
61 32
62 32
48 33
49 33
50 33
58 33
59 33
60 33
61 33
49 34
